-0.03,301323,-0.03,-0.17,-0.73
Errors Array
-0.01,-0.03,-0.01,-0.01,cont_array
-0.17,-0.17,-0.04,-0.05,301352,-0.01,-0.05,-0.71
Errors Array
-0.01,-0.01,-0.03,-0.01,cont_array
-0.05,-0.05,-0.17,-0.04,301380,-0.01,-0.05,-0.71
Errors Array
-0.01,-0.01,-0.01,-0.03,cont_array
-0.05,-0.05,-0.05,-0.17,301409,-0.01,-0.00,-0.71
Errors Array
0.00,-0.01,-0.01,-0.01,cont_array
-0.00,-0.00,-0.05,-0.05,301438,0.00,-0.01,-0.70
Errors Array
-0.01,0.00,-0.01,-0.01,cont_array
-0.01,-0.01,-0.00,-0.05,301467,-0.01,-0.07,-0.71
Errors Array
-0.01,-0.01,0.00,-0.01,cont_array
-0.07,-0.07,-0.01,-0.00,301495,-0.01,-0.04,-0.71
Errors Array
0.00,-0.01,-0.01,0.00,cont_array
-0.04,-0.04,-0.07,-0.01,301524,0.00,-0.02,-0.70
Errors Array
0.00,0.00,-0.01,-0.01,cont_array
-0.02,-0.02,-0.04,-0.07,301553,0.00,0.03,-0.70
Errors Array
-0.01,0.00,0.00,-0.01,cont_array
0.03,0.03,-0.02,-0.04,301581,-0.01,-0.04,-0.71
Errors Array
0.00,-0.01,0.00,0.00,cont_array
-0.04,-0.04,0.03,-0.02,301609,0.00,-0.02,-0.70
Errors Array
-0.01,0.00,-0.01,0.00,cont_array
-0.02,-0.02,-0.04,0.03,301638,-0.01,-0.09,-0.71
Errors Array
-0.01,-0.01,0.00,-0.01,cont_array
-0.09,-0.09,-0.02,-0.04,301667,-0.01,-0.01,-0.71
Errors Array
-0.01,-0.01,-0.01,0.00,cont_array
-0.01,-0.01,-0.09,-0.02,301696,-0.01,-0.09,-0.71
Errors Array
-0.01,-0.01,-0.01,-0.01,cont_array
-0.09,-0.09,-0.01,-0.09,301725,-0.01,-0.05,-0.71
Errors Array
-0.01,-0.01,-0.01,-0.01,cont_array
-0.05,-0.05,-0.09,-0.01,301754,-0.01,-0.05,-0.71
Errors Array
-0.01,-0.01,-0.01,-0.01,cont_array
-0.05,-0.05,-0.05,-0.09,301783,-0.01,-0.05,-0.71
Errors Array
-1.40,-0.01,-0.01,-0.01,cont_array
-0.05,-0.05,-0.05,-0.05,301812,-1.40,-7.19,-0.70
Errors Array
-1.40,-1.40,-0.01,-0.01,cont_array
-7.19,-7.19,-0.05,-0.05,301841,-1.40,-7.20,-0.70
Errors Array
-1.41,-1.40,-1.40,-0.01,cont_array
-7.20,-7.20,-7.19,-0.05,301870,-1.41,-8.26,-0.71
Errors Array
-1.40,-1.41,-1.40,-1.40,cont_array
-8.26,-8.26,-7.20,-7.19,301899,-1.40,-3.21,-0.70
Errors Array
-1.41,-1.40,-1.41,-1.40,cont_array
-3.21,-3.21,-8.26,-7.20,301928,-1.41,-4.96,-0.71
Errors Array
-1.44,-1.41,-1.40,-1.41,cont_array
-4.96,-4.96,-3.21,-8.26,301957,-1.44,-6.30,-0.74
Errors Array
-1.39,-1.44,-1.41,-1.40,cont_array
-6.30,-6.30,-4.96,-3.21,301986,-1.39,-6.11,-0.69
Errors Array
-1.41,-1.39,-1.44,-1.41,cont_array
-6.11,-6.11,-6.30,-4.96,302015,-1.41,-5.21,-0.71
Errors Array
-1.41,-1.41,-1.39,-1.44,cont_array
-5.21,-5.21,-6.11,-6.30,302043,-1.41,-5.17,-0.71
Errors Array
-1.40,-1.41,-1.41,-1.39,cont_array
-5.17,-5.17,-5.21,-6.11,302072,-1.40,-5.76,-0.70
Errors Array
-1.40,-1.40,-1.41,-1.41,cont_array
-5.76,-5.76,-5.17,-5.21,302101,-1.40,-5.68,-0.70
Errors Array
-1.41,-1.40,-1.40,-1.41,cont_array
-5.68,-5.68,-5.76,-5.17,302129,-1.41,-5.49,-0.71
Errors Array
-1.41,-1.41,-1.40,-1.40,cont_array
-5.49,-5.49,-5.68,-5.76,302158,-1.41,-5.51,-0.71
Errors Array
-1.41,-1.41,-1.41,-1.40,cont_array
-5.51,-5.51,-5.49,-5.68,302187,-1.41,-5.65,-0.71
Errors Array
-1.41,-1.41,-1.41,-1.41,cont_array
-5.65,-5.65,-5.51,-5.49,302216,-1.41,-5.60,-0.71
Errors Array
-1.41,-1.41,-1.41,-1.41,cont_array
-5.60,-5.60,-5.65,-5.51,302245,-1.41,-5.55,-0.71
Errors Array
-1.40,-1.41,-1.41,-1.41,cont_array
-5.55,-5.55,-5.60,-5.65,302274,-1.40,-5.49,-0.70
Errors Array
-1.41,-1.40,-1.41,-1.41,cont_array
-5.49,-5.49,-5.55,-5.60,302303,-1.41,-5.59,-0.71
Errors Array
-1.40,-1.41,-1.40,-1.41,cont_array
-5.59,-5.59,-5.49,-5.55,302332,-1.40,-5.51,-0.70
Errors Array
-1.41,-1.40,-1.41,-1.40,cont_array
-5.51,-5.51,-5.59,-5.49,302361,-1.41,-5.62,-0.71
Errors Array
-1.40,-1.41,-1.40,-1.41,cont_array
-5.62,-5.62,-5.51,-5.59,302390,-1.40,-5.47,-0.70
Errors Array
-1.41,-1.40,-1.41,-1.40,cont_array
-5.47,-5.47,-5.62,-5.51,302419,-1.41,-5.62,-0.71
Errors Array
-1.41,-1.41,-1.40,-1.41,cont_array
-5.62,-5.62,-5.47,-5.62,302448,-1.41,-5.55,-0.71
Errors Array
-1.41,-1.41,-1.41,-1.40,cont_array
-5.55,-5.55,-5.62,-5.47,302476,-1.41,-5.62,-0.71
Errors Array
-1.41,-1.41,-1.41,-1.41,cont_array
-5.62,-5.62,-5.55,-5.62,302505,-1.41,-5.56,-0.71
Errors Array
-1.40,-1.41,-1.41,-1.41,cont_array
-5.56,-5.56,-5.62,-5.55,302534,-1.40,-5.50,-0.70
Errors Array
-1.41,-1.40,-1.41,-1.41,cont_array
-5.50,-5.50,-5.56,-5.62,302563,-1.41,-5.58,-0.71
Errors Array
-1.40,-1.41,-1.40,-1.41,cont_array
-5.58,-5.58,-5.50,-5.56,302592,-1.40,-5.50,-0.70
Errors Array
-1.40,-1.40,-1.41,-1.40,cont_array
-5.50,-5.50,-5.58,-5.50,302621,-1.40,-5.55,-0.70
Errors Array
-1.41,-1.40,-1.40,-1.41,cont_array
-5.55,-5.55,-5.50,-5.58,302650,-1.41,-5.55,-0.71
Errors Array
-1.41,-1.41,-1.40,-1.40,cont_array
-5.55,-5.55,-5.55,-5.50,302679,-1.41,-5.60,-0.71
Errors Array
-1.40,-1.41,-1.41,-1.40,cont_array
-5.60,-5.60,-5.55,-5.55,302708,-1.40,-5.54,-0.70
Errors Array
-1.41,-1.40,-1.41,-1.41,cont_array
-5.54,-5.54,-5.60,-5.55,302737,-1.41,-5.56,-0.71
Errors Array
-1.41,-1.41,-1.40,-1.41,cont_array
-5.56,-5.56,-5.54,-5.60,302766,-1.41,-5.55,-0.71
Errors Array
-1.41,-1.41,-1.41,-1.40,cont_array
-5.55,-5.55,-5.56,-5.54,302795,-1.41,-5.63,-0.71
Errors Array
-1.41,-1.41,-1.41,-1.41,cont_array
-5.63,-5.63,-5.55,-5.56,302824,-1.41,-5.57,-0.71
Errors Array
-1.40,-1.41,-1.41,-1.41,cont_array
-5.57,-5.57,-5.63,-5.55,302853,-1.40,-5.49,-0.70
Errors Array
-1.41,-1.40,-1.41,-1.41,cont_array
-5.49,-5.49,-5.57,-5.63,302882,-1.41,-5.57,-0.71
Errors Array
-1.41,-1.41,-1.40,-1.41,cont_array
-5.57,-5.57,-5.49,-5.57,302911,-1.41,-5.58,-0.71
Errors Array
-1.41,-1.41,-1.41,-1.40,cont_array
-5.58,-5.58,-5.57,-5.49,302940,-1.41,-5.63,-0.71
Errors Array
-1.41,-1.41,-1.41,-1.41,cont_array
-5.63,-5.63,-5.58,-5.57,302968,-1.41,-5.56,-0.71
Errors Array
-1.41,-1.41,-1.41,-1.41,cont_array
-5.56,-5.56,-5.63,-5.58,302997,-1.41,-5.56,-0.71
Errors Array
-1.41,-1.41,-1.41,-1.41,cont_array
-5.56,-5.56,-5.56,-5.63,303026,-1.41,-5.58,-0.71
Errors Array
-1.41,-1.41,-1.41,-1.41,cont_array
-5.58,-5.58,-5.56,-5.56,303055,-1.41,-5.59,-0.71
Errors Array
-1.41,-1.41,-1.41,-1.41,cont_array
-5.59,-5.59,-5.58,-5.56,303084,-1.41,-5.57,-0.71
Errors Array
-1.43,-1.41,-1.41,-1.41,cont_array
-5.57,-5.57,-5.59,-5.58,303113,-1.43,-5.64,-0.73
Errors Array
-1.41,-1.43,-1.41,-1.41,cont_array
-5.64,-5.64,-5.57,-5.59,303142,-1.41,-5.58,-0.71
Errors Array
-1.41,-1.41,-1.43,-1.41,cont_array
-5.58,-5.58,-5.64,-5.57,303171,-1.41,-5.59,-0.71
Errors Array
-1.41,-1.41,-1.41,-1.43,cont_array
-5.59,-5.59,-5.58,-5.64,303200,-1.41,-5.53,-0.71
Errors Array
-1.40,-1.41,-1.41,-1.41,cont_array
-5.53,-5.53,-5.59,-5.58,303229,-1.40,-5.52,-0.70
Errors Array
-1.40,-1.40,-1.41,-1.41,cont_array
-5.52,-5.52,-5.53,-5.59,303258,-1.40,-5.52,-0.70
Errors Array
-1.41,-1.40,-1.40,-1.41,cont_array
-5.52,-5.52,-5.52,-5.53,303287,-1.41,-5.57,-0.71
Errors Array
-1.41,-1.41,-1.40,-1.40,cont_array
-5.57,-5.57,-5.52,-5.52,303316,-1.41,-5.61,-0.71
Errors Array
-1.41,-1.41,-1.41,-1.40,cont_array
-5.61,-5.61,-5.57,-5.52,303344,-1.41,-5.61,-0.71
Errors Array
-1.40,-1.41,-1.41,-1.41,cont_array
-5.61,-5.61,-5.61,-5.57,303373,-1.40,-5.48,-0.70
Errors Array
-1.41,-1.40,-1.41,-1.41,cont_array
-5.48,-5.48,-5.61,-5.61,303402,-1.41,-5.56,-0.71
Errors Array
-1.43,-1.41,-1.40,-1.41,cont_array
-5.56,-5.56,-5.48,-5.61,303430,-1.43,-5.65,-0.73
Errors Array
-1.40,-1.43,-1.41,-1.40,cont_array
-5.65,-5.65,-5.56,-5.48,303459,-1.40,-5.56,-0.70
Errors Array
-1.39,-1.40,-1.43,-1.41,cont_array
-5.56,-5.56,-5.65,-5.56,303488,-1.39,-5.42,-0.69
Errors Array
-1.41,-1.39,-1.40,-1.43,cont_array
-5.42,-5.42,-5.56,-5.65,303517,-1.41,-5.50,-0.71
Errors Array
-1.41,-1.41,-1.39,-1.40,cont_array
-5.50,-5.50,-5.42,-5.56,303546,-1.41,-5.62,-0.71
Errors Array
-1.43,-1.41,-1.41,-1.39,cont_array
-5.62,-5.62,-5.50,-5.42,303575,-1.43,-5.75,-0.73
Errors Array
-1.41,-1.43,-1.41,-1.41,cont_array
-5.75,-5.75,-5.62,-5.50,303604,-1.41,-5.53,-0.71
Errors Array
-1.41,-1.41,-1.43,-1.41,cont_array
-5.53,-5.53,-5.75,-5.62,303633,-1.41,-5.55,-0.71
Errors Array
-1.41,-1.41,-1.41,-1.43,cont_array
-5.55,-5.55,-5.53,-5.75,303662,-1.41,-5.54,-0.71
Errors Array
-1.40,-1.41,-1.41,-1.41,cont_array
-5.54,-5.54,-5.55,-5.53,303691,-1.40,-5.55,-0.70
Errors Array
-1.41,-1.40,-1.41,-1.41,cont_array
-5.55,-5.55,-5.54,-5.55,303720,-1.41,-5.58,-0.71
Errors Array
-1.40,-1.41,-1.40,-1.41,cont_array
-5.58,-5.58,-5.55,-5.54,303749,-1.40,-5.48,-0.70
Errors Array
-1.40,-1.40,-1.41,-1.40,cont_array
-5.48,-5.48,-5.58,-5.55,303778,-1.40,-5.55,-0.70
Errors Array
-1.40,-1.40,-1.40,-1.41,cont_array
-5.55,-5.55,-5.48,-5.58,303807,-1.40,-5.49,-0.70
Errors Array
-1.40,-1.40,-1.40,-1.40,cont_array
-5.49,-5.49,-5.55,-5.48,303836,-1.40,-5.54,-0.70
Errors Array
-1.41,-1.40,-1.40,-1.40,cont_array
-5.54,-5.54,-5.49,-5.55,303865,-1.41,-5.60,-0.71
Errors Array
-1.39,-1.41,-1.40,-1.40,cont_array
-5.60,-5.60,-5.54,-5.49,303894,-1.39,-5.45,-0.69
Errors Array
-1.40,-1.39,-1.41,-1.40,cont_array
-5.45,-5.45,-5.60,-5.54,303923,-1.40,-5.53,-0.70
Errors Array
-1.41,-1.40,-1.39,-1.41,cont_array
-5.53,-5.53,-5.45,-5.60,303952,-1.41,-5.53,-0.71
Errors Array
-1.41,-1.41,-1.40,-1.39,cont_array
-5.53,-5.53,-5.53,-5.45,303981,-1.41,-5.66,-0.71
Errors Array
-1.40,-1.41,-1.41,-1.40,cont_array
-5.66,-5.66,-5.53,-5.53,304010,-1.40,-5.53,-0.70
Errors Array
-1.43,-1.40,-1.41,-1.41,cont_array
-5.53,-5.53,-5.66,-5.53,304039,-1.43,-5.61,-0.73
Errors Array
-1.41,-1.43,-1.40,-1.41,cont_array
-5.61,-5.61,-5.53,-5.66,304068,-1.41,-5.55,-0.71
Errors Array
-1.40,-1.41,-1.43,-1.40,cont_array
-5.55,-5.55,-5.61,-5.53,304097,-1.40,-5.58,-0.70
Errors Array
-1.41,-1.40,-1.41,-1.43,cont_array
-5.58,-5.58,-5.55,-5.61,304126,-1.41,-5.52,-0.71
Errors Array
-1.41,-1.41,-1.40,-1.41,cont_array
-5.52,-5.52,-5.58,-5.55,304155,-1.41,-5.56,-0.71
Errors Array
-1.41,-1.41,-1.41,-1.40,cont_array
-5.56,-5.56,-5.52,-5.58,304184,-1.41,-5.63,-0.71
Errors Array
-1.41,-1.41,-1.41,-1.41,cont_array
-5.63,-5.63,-5.56,-5.52,304213,-1.41,-5.57,-0.71
Errors Array
-1.40,-1.41,-1.41,-1.41,cont_array
-5.57,-5.57,-5.63,-5.56,304242,-1.40,-5.49,-0.70
Errors Array
-1.41,-1.40,-1.41,-1.41,cont_array
-5.49,-5.49,-5.57,-5.63,304271,-1.41,-5.57,-0.71
Errors Array
-1.40,-1.41,-1.40,-1.41,cont_array
-5.57,-5.57,-5.49,-5.57,304300,-1.40,-5.51,-0.70
Errors Array
-1.41,-1.40,-1.41,-1.40,cont_array
-5.51,-5.51,-